1 0 arXiv:2312.00751 2
2 0 arXiv:2312.00742 2
2 0 arXiv:2312.00621 1
2 0 arXiv:2312.04311 1
2 0 arXiv:2312.02272 1
2 0 arXiv:2312.00621 1
3 0 arXiv:2312.00689 2
4 0 arXiv:2312.00685 2
4 0 arXiv:2312.00621 1
4 0 arXiv:2312.00570 1
4 0 arXiv:2312.03751 1
4 0 arXiv:2312.03833 1
4 0 arXiv:2312.00707 1
4 0 arXiv:2312.02962 1
4 0 arXiv:2312.05973 1
4 0 arXiv:2312.01730 1
4 0 arXiv:2312.09353 1
4 0 arXiv:2312.09201 1
4 0 arXiv:2312.04855 1
4 0 arXiv:2312.03610 1
4 0 arXiv:2312.00520 1
4 0 arXiv:2312.05553 1
4 0 arXiv:2312.02138 1
4 0 arXiv:2312.00725 1
4 0 arXiv:2312.05899 1
4 0 arXiv:2312.03833 1
4 0 arXiv:2312.10207 1
4 0 arXiv:2312.09483 1
4 0 arXiv:2312.00447 1
4 0 arXiv:2312.09749 1
4 0 arXiv:2312.09483 1
4 0 arXiv:2312.03833 1
4 0 arXiv:2312.03791 1
4 0 arXiv:2312.04105 1
4 0 arXiv:2312.00621 1
4 0 arXiv:2312.02401 1
4 0 arXiv:2312.02200 1
4 0 arXiv:2312.04411 1
4 0 arXiv:2312.00517 1
4 0 arXiv:2312.11408 1
4 0 arXiv:2312.04180 1
4 0 arXiv:2312.05633 1
4 0 arXiv:2312.05481 1
5 0 arXiv:2312.00678 2
5 0 arXiv:2312.07899 1
5 0 arXiv:2312.02511 1
5 0 arXiv:2312.05633 1
6 0 arXiv:2312.00663 2
6 0 arXiv:2312.08249 1
7 0 arXiv:2312.00660 2
7 0 arXiv:2312.00093 1
7 0 arXiv:2312.02130 1
7 0 arXiv:2312.06597 1
7 0 arXiv:2312.05982 1
7 0 arXiv:2312.09236 1
7 0 arXiv:2312.02130 1
7 0 arXiv:2312.08088 1
7 0 arXiv:2312.08457 1
7 0 arXiv:2312.00852 1
7 0 arXiv:2312.04444 1
7 0 arXiv:2312.00442 1
8 0 arXiv:2312.00647 2
8 0 arXiv:2312.00204 1
8 0 arXiv:2312.01275 1
8 0 arXiv:2312.09871 1
8 0 arXiv:2312.00178 1
8 0 arXiv:2312.01386 1
9 0 arXiv:2312.00627 2
9 0 arXiv:2312.09843 1
10 0 arXiv:2312.00621 2
11 0 arXiv:2312.00610 2
11 0 arXiv:2312.03268 1
12 0 arXiv:2312.00596 2
13 0 arXiv:2312.00570 2
13 0 arXiv:2312.09236 1
13 0 arXiv:2312.05128 1
13 0 arXiv:2312.08088 1
13 0 arXiv:2312.00506 1
14 0 arXiv:2312.00545 2
15 0 arXiv:2312.03516 2
15 0 arXiv:2312.00456 1
15 0 arXiv:2312.09292 1
15 0 arXiv:2312.00892 1
15 0 arXiv:2312.01567 1
15 0 arXiv:2312.04105 1
15 0 arXiv:2312.00456 1
16 0 arXiv:2312.03042 2
16 0 arXiv:2312.00886 1
17 0 arXiv:2312.03746 2
18 0 arXiv:2312.04456 2
18 0 arXiv:2312.02940 1
18 0 arXiv:2312.04625 1
18 0 arXiv:2312.05298 1
18 0 arXiv:2312.02272 1
18 0 arXiv:2312.02940 1
18 0 arXiv:2312.04482 1
18 0 arXiv:2312.08275 1
18 0 arXiv:2312.09170 1
18 0 arXiv:2312.03838 1
18 0 arXiv:2312.03544 1
18 0 arXiv:2312.02289 1
18 0 arXiv:2312.03388 1
18 0 arXiv:2312.01519 1
18 0 arXiv:2312.02940 1
18 0 arXiv:2312.03791 1
18 0 arXiv:2312.04383 1
18 0 arXiv:2312.01246 1
18 0 arXiv:2312.04935 1
19 0 arXiv:2312.03751 2
19 0 arXiv:2312.00216 1
19 0 arXiv:2312.00194 1
19 0 arXiv:2312.00148 1
19 0 arXiv:2312.01037 1
19 0 arXiv:2312.00074 1
19 0 arXiv:2312.10013 1
19 0 arXiv:2312.00529 1
19 0 arXiv:2312.01813 1
19 0 arXiv:2312.05827 1
19 0 arXiv:2312.03130 1
19 0 arXiv:2312.00470 1
19 0 arXiv:2312.05527 1
19 0 arXiv:2312.05527 1
19 0 arXiv:2312.00136 1
19 0 arXiv:2312.06166 1
19 0 arXiv:2312.01913 1
19 0 arXiv:2312.02637 1
19 0 arXiv:2312.00074 1
19 0 arXiv:2312.00852 1
19 0 arXiv:2312.04150 1
19 0 arXiv:2312.04722 1
19 0 arXiv:2312.09796 1
20 0 arXiv:2312.04312 2
20 0 arXiv:2312.00198 1
20 0 arXiv:2312.00074 1
20 0 arXiv:2312.05169 1
20 0 arXiv:2312.11132 1
20 0 arXiv:2312.00266 1
20 0 arXiv:2312.00074 1
21 0 arXiv:2312.03025 2
21 0 arXiv:2312.00742 1
21 0 arXiv:2312.00570 1
21 0 arXiv:2312.00055 1
21 0 arXiv:2312.09865 1
21 0 arXiv:2312.04311 1
21 0 arXiv:2312.06909 1
21 0 arXiv:2312.03560 1
21 0 arXiv:2312.00742 1
21 0 arXiv:2312.02200 1
22 0 arXiv:2312.00250 2
23 0 arXiv:2312.00218 2
24 0 arXiv:2312.00216 2
25 0 arXiv:2312.00204 2
26 0 arXiv:2312.00198 2
26 0 arXiv:2312.05169 1
27 0 arXiv:2312.00194 2
28 0 arXiv:2312.00189 2
29 0 arXiv:2312.00148 2
29 0 arXiv:2312.01519 1
30 0 arXiv:2312.00103 2
30 0 arXiv:2312.00678 1
30 0 arXiv:2312.03746 1
30 0 arXiv:2312.03251 1
30 0 arXiv:2312.08522 1
30 0 arXiv:2312.06082 1
30 0 arXiv:2312.08522 1
30 0 arXiv:2312.00256 1
30 0 arXiv:2312.00506 1
30 0 arXiv:2312.09843 1
30 0 arXiv:2312.11063 1
30 0 arXiv:2312.04180 1
30 0 arXiv:2312.05481 1
31 0 arXiv:2312.00101 2
32 0 arXiv:2312.00097 2
32 0 arXiv:2312.00451 1
33 0 arXiv:2312.00093 2
33 0 arXiv:2312.00451 1
34 0 arXiv:2312.00091 2
34 0 arXiv:2312.06105 1
35 0 arXiv:2312.00086 2
35 0 arXiv:2312.01975 1
36 0 arXiv:2312.00082 2
36 0 arXiv:2312.00204 1
36 0 arXiv:2312.00078 1
36 0 arXiv:2312.01147 1
36 0 arXiv:2312.05222 1
36 0 arXiv:2312.05131 1
36 0 arXiv:2312.00868 1
36 0 arXiv:2312.02858 1
36 0 arXiv:2312.03212 1
37 0 arXiv:2312.00080 2
37 0 arXiv:2312.00842 1
37 0 arXiv:2312.07899 1
37 0 arXiv:2312.06082 1
37 0 arXiv:2312.01416 1
38 0 arXiv:2312.00078 2
38 0 arXiv:2312.03419 1
38 0 arXiv:2312.01188 1
39 0 arXiv:2312.00073 2
39 0 arXiv:2312.00663 1
39 0 arXiv:2312.00071 1
40 0 arXiv:2312.00057 2
41 0 arXiv:2312.00055 2
42 0 arXiv:2312.00043 2
42 0 arXiv:2312.00610 1
42 0 arXiv:2312.00423 1
42 0 arXiv:2312.01798 1
42 0 arXiv:2312.01271 1
42 0 arXiv:2312.02888 1
42 0 arXiv:2312.00172 1
42 0 arXiv:2312.02248 1
42 0 arXiv:2312.10013 1
42 0 arXiv:2312.09865 1
42 0 arXiv:2312.00529 1
42 0 arXiv:2312.03957 1
42 0 arXiv:2312.06082 1
42 0 arXiv:2312.04045 1
42 0 arXiv:2312.09654 1
42 0 arXiv:2312.08087 1
42 0 arXiv:2312.06100 1
42 0 arXiv:2312.00449 1
42 0 arXiv:2312.07634 1
42 0 arXiv:2312.08339 1
42 0 arXiv:2312.02801 1
42 0 arXiv:2312.03754 1
42 0 arXiv:2312.01643 1
42 0 arXiv:2312.02660 1
42 0 arXiv:2312.06694 1
42 0 arXiv:2312.05700 1
42 0 arXiv:2312.05971 1
42 0 arXiv:2312.08141 1
42 0 arXiv:2312.09081 1
42 0 arXiv:2312.09843 1
42 0 arXiv:2312.00443 1
42 0 arXiv:2312.00442 1
42 0 arXiv:2312.05630 1
42 0 arXiv:2312.05633 1
43 0 arXiv:2312.00525 2
44 0 arXiv:2312.00513 2
45 0 arXiv:2312.00509 2
45 0 arXiv:2312.04312 1
45 0 arXiv:2312.01271 1
45 0 arXiv:2312.04312 1
45 0 arXiv:2312.00455 1
45 0 arXiv:2312.02858 1
45 0 arXiv:2312.02905 1
45 0 arXiv:2312.04150 1
45 0 arXiv:2312.08174 1
46 0 arXiv:2312.00491 2
46 0 arXiv:2312.01352 1
47 0 arXiv:2312.00458 2
48 0 arXiv:2312.00456 2
48 0 arXiv:2312.03158 1
48 0 arXiv:2312.03833 1
48 0 arXiv:2312.00202 1
48 0 arXiv:2312.10388 1
48 0 arXiv:2312.03833 1
48 0 arXiv:2312.06912 1
48 0 arXiv:2312.08088 1
48 0 arXiv:2312.03833 1
48 0 arXiv:2312.00506 1
49 0 arXiv:2312.00451 2
49 0 arXiv:2312.04436 1
50 0 arXiv:2312.00436 2